Day,Escaped,Survivors,Exposed,Infected,Dead,Dead_PreInfection,Dead_Infected,Percent_Infected,Percent_Escaped,Percent_Alive_In_City,Food_Remaining,Water_Remaining,Weapons_Remaining
0.3,23,186,36,250,5,5,0,50.0,4.6,37.2,289,496,32
0.6,32,156,48,252,12,12,0,50.4,6.4,31.2,287,494,29
0.9,40,120,45,279,16,16,0,55.800000000000004,8.0,24.0,285,492,27
1.2,45,96,43,294,22,20,2,58.8,9.0,19.2,285,492,25
1.5,49,74,38,315,24,22,2,63.0,9.8,14.799999999999999,284,491,24
1.8,51,56,32,332,29,26,3,66.4,10.2,11.200000000000001,283,490,24
2.1,55,40,28,346,31,28,3,69.19999999999999,11.0,8.0,283,490,23
2.4,55,33,24,356,32,29,3,71.2,11.0,6.6000000000000005,283,490,22
2.6999999999999997,59,23,17,369,32,29,3,73.8,11.799999999999999,4.6,282,489,20
3.0,60,18,12,376,34,31,3,75.2,12.0,3.5999999999999996,282,489,20
3.3,62,12,8,384,34,31,3,76.8,12.4,2.4,282,489,20
3.6,63,9,6,387,35,32,3,77.4,12.6,1.7999999999999998,282,489,20
3.9000000000000004,63,6,4,391,36,33,3,78.2,12.6,1.2,282,489,20
4.2,66,0,4,393,37,34,3,78.60000000000001,13.200000000000001,0.0,282,489,20
4.5,66,0,2,395,37,34,3,79.0,13.200000000000001,0.0,282,489,20
4.8,66,0,1,396,37,34,3,79.2,13.200000000000001,0.0,282,489,20
5.1,66,0,0,397,37,34,3,79.4,13.200000000000001,0.0,282,489,20
5.3999999999999995,66,0,0,397,37,34,3,79.4,13.200000000000001,0.0,282,489,20
5.699999999999999,66,0,0,397,37,34,3,79.4,13.200000000000001,0.0,282,489,20
6.0,66,0,0,397,37,34,3,79.4,13.200000000000001,0.0,282,489,20
6.3,66,0,0,397,37,34,3,79.4,13.200000000000001,0.0,282,489,20
6.6,66,0,0,397,37,34,3,79.4,13.200000000000001,0.0,282,489,20
6.9,66,0,0,397,37,34,3,79.4,13.200000000000001,0.0,282,489,20
7.2,66,0,0,397,37,34,3,79.4,13.200000000000001,0.0,282,489,20
7.5,66,0,0,397,37,34,3,79.4,13.200000000000001,0.0,282,489,20
7.800000000000001,66,0,0,397,37,34,3,79.4,13.200000000000001,0.0,282,489,20
8.1,66,0,0,397,37,34,3,79.4,13.200000000000001,0.0,282,489,20
8.4,66,0,0,397,37,34,3,79.4,13.200000000000001,0.0,282,489,20
8.7,66,0,0,397,37,34,3,79.4,13.200000000000001,0.0,282,489,20
9.0,66,0,0,397,37,34,3,79.4,13.200000000000001,0.0,282,489,20
